4 0.0000000000 
8 0.0000000000 
16 0.0000000000 
32 0.0000000000 
64 0.0000000000 
128 0.0004000000 
256 0.0028000000 
512 0.0102000000 
1024 0.0412000000 
2048 0.1608000000 
4096 0.6588000000 
8192 2.6830000000 
16384 10.7366000000 
32768 43.6678000000 


4 0.0000000000 
8 0.0000000000 
16 0.0000000000 
32 0.0000000000 
64 0.0000000000 
128 0.0002000000 
256 0.0000000000 
512 0.0000000000 
1024 0.0004000000 
2048 0.0010000000 
4096 0.0022000000 
8192 0.0050000000 
16384 0.0106000000 
32768 0.0248000000 


4 0.0000000000 
8 0.0000000000 
16 0.0000000000 
32 0.0000000000 
64 0.0002000000 
128 0.0000000000 
256 0.0004000000 
512 0.0004000000 
1024 0.0004000000 
2048 0.0006000000 
4096 0.0016000000 
8192 0.0032000000 
16384 0.0062000000 
32768 0.0128000000 
